contractSymbol,lastTradeDate,strike,lastPrice,bid,ask,change,percentChange,volume,openInterest,impliedVolatility,inTheMoney,contractSize,currency,ticker,option_type,expiration,timestamp,underlying_price
JCI250516C00060000,2025-04-09 15:06:43+00:00,60.0,13.0,18.1,21.0,0.0,0.0,,10,0.7675804492187501,True,REGULAR,USD,JCI,1,2025-05-16,2025-04-23 13:04:20.815319,79.05500030517578
JCI250516C00065000,2025-04-09 15:47:22+00:00,65.0,9.2,13.1,16.1,0.0,0.0,,10,0.6040078662109377,True,REGULAR,USD,JCI,1,2025-05-16,2025-04-23 13:04:20.815319,79.05500030517578
JCI250516C00070000,2025-04-23 15:23:13+00:00,70.0,9.8,10.0,10.3,0.8000002,8.88889,56.0,4,0.543949873046875,True,REGULAR,USD,JCI,1,2025-05-16,2025-04-23 13:04:20.815319,79.05500030517578
JCI250516C00075000,2025-04-22 14:56:41+00:00,75.0,6.7,6.1,6.3,2.5,59.52381,10.0,505,0.5009815527343751,True,REGULAR,USD,JCI,1,2025-05-16,2025-04-23 13:04:20.815319,79.05500030517578
JCI250516C00077500,2025-04-23 15:41:55+00:00,77.5,5.15,4.5,4.7,2.15,71.66667,137.0,196,0.48389187988281257,True,REGULAR,USD,JCI,1,2025-05-16,2025-04-23 13:04:20.815319,79.05500030517578
JCI250516C00080000,2025-04-23 14:35:08+00:00,80.0,3.2,3.1,3.4,1.3000001,68.42105,16.0,556,0.4738822143554688,False,REGULAR,USD,JCI,1,2025-05-16,2025-04-23 13:04:20.815319,79.05500030517578
JCI250516C00082500,2025-04-23 14:58:17+00:00,82.5,2.35,2.0,2.3,1.2499999,113.636345,3.0,4350,0.45703667968750006,False,REGULAR,USD,JCI,1,2025-05-16,2025-04-23 13:04:20.815319,79.05500030517578
JCI250516C00085000,2025-04-23 15:21:09+00:00,85.0,1.5,1.15,1.55,0.77,105.47945,9.0,1631,0.454107021484375,False,REGULAR,USD,JCI,1,2025-05-16,2025-04-23 13:04:20.815319,79.05500030517578
JCI250516C00087500,2025-04-22 17:33:52+00:00,87.5,0.81,0.65,0.95,0.51,170.0,1.0,1168,0.4414118359375,False,REGULAR,USD,JCI,1,2025-05-16,2025-04-23 13:04:20.815319,79.05500030517578
JCI250516C00090000,2025-04-23 15:47:48+00:00,90.0,0.3,0.35,0.6,0.120000005,66.666664,5.0,807,0.4419001123046875,False,REGULAR,USD,JCI,1,2025-05-16,2025-04-23 13:04:20.815319,79.05500030517578
JCI250516C00092500,2025-04-08 17:26:52+00:00,92.5,0.15,0.0,0.35,0.0,0.0,2.0,2165,0.4370173486328125,False,REGULAR,USD,JCI,1,2025-05-16,2025-04-23 13:04:20.815319,79.05500030517578
JCI250516C00095000,2025-04-21 13:30:01+00:00,95.0,0.05,0.0,0.5,0.0,0.0,1.0,18,0.5361374511718751,False,REGULAR,USD,JCI,1,2025-05-16,2025-04-23 13:04:20.815319,79.05500030517578
JCI250516P00060000,2025-04-21 17:57:33+00:00,60.0,0.46,0.0,1.5,0.0,0.0,4.0,676,0.8554701953125,False,REGULAR,USD,JCI,0,2025-05-16,2025-04-23 13:04:20.816322,79.05500030517578
JCI250516P00065000,2025-04-21 19:23:23+00:00,65.0,1.05,0.0,0.95,0.0,0.0,1.0,51,0.5820354296875,False,REGULAR,USD,JCI,0,2025-05-16,2025-04-23 13:04:20.816322,79.05500030517578
JCI250516P00070000,2025-04-23 13:30:01+00:00,70.0,0.66,0.9,1.0,-1.5899999,-70.66666,1.0,204,0.51562984375,False,REGULAR,USD,JCI,0,2025-05-16,2025-04-23 13:04:20.816322,79.05500030517578
JCI250516P00072500,2025-04-21 19:55:36+00:00,72.5,2.8,1.35,1.6,0.0,0.0,4.0,642,0.5048877636718749,False,REGULAR,USD,JCI,0,2025-05-16,2025-04-23 13:04:20.816322,79.05500030517578
JCI250516P00075000,2025-04-23 16:27:27+00:00,75.0,2.2,2.1,2.8,-0.5,-18.518518,7.0,289,0.5293015820312501,False,REGULAR,USD,JCI,0,2025-05-16,2025-04-23 13:04:20.816322,79.05500030517578
JCI250516P00077500,2025-04-23 16:00:02+00:00,77.5,2.85,3.0,3.1,-0.8000002,-21.917812,1.0,134,0.47827670166015623,False,REGULAR,USD,JCI,0,2025-05-16,2025-04-23 13:04:20.816322,79.05500030517578
JCI250516P00080000,2025-04-23 14:55:09+00:00,80.0,3.6,4.0,4.3,-1.5999999,-30.76923,2.0,397,0.46851117431640626,True,REGULAR,USD,JCI,0,2025-05-16,2025-04-23 13:04:20.816322,79.05500030517578
JCI250516P00082500,2025-04-23 15:41:55+00:00,82.5,5.15,5.4,5.7,-1.3499999,-20.769228,2.0,43,0.4514215014648438,True,REGULAR,USD,JCI,0,2025-05-16,2025-04-23 13:04:20.816322,79.05500030517578
JCI250516P00085000,2025-04-21 14:29:30+00:00,85.0,9.93,5.5,7.4,0.0,0.0,1.0,20,0.44043528320312497,True,REGULAR,USD,JCI,0,2025-05-16,2025-04-23 13:04:20.816322,79.05500030517578
JCI250516P00087500,2025-04-16 19:19:17+00:00,87.5,11.6,8.7,9.4,0.0,0.0,5.0,7,0.442388388671875,True,REGULAR,USD,JCI,0,2025-05-16,2025-04-23 13:04:20.816322,79.05500030517578
JCI250516P00090000,2025-04-21 19:54:23+00:00,90.0,15.7,11.2,11.7,0.0,0.0,2.0,46,0.47510290527343746,True,REGULAR,USD,JCI,0,2025-05-16,2025-04-23 13:04:20.816322,79.05500030517578
JCI250620C00045000,2024-12-16 05:05:56+00:00,45.0,25.9,30.8,34.6,0.0,0.0,7.0,8,0.8984385156249999,True,REGULAR,USD,JCI,1,2025-06-20,2025-04-23 13:04:20.876477,79.05500030517578
JCI250620C00047500,2024-12-16 05:05:56+00:00,47.5,23.7,29.1,33.3,0.0,0.0,8.0,18,1.1189008898925783,True,REGULAR,USD,JCI,1,2025-06-20,2025-04-23 13:04:20.876477,79.05500030517578
JCI250620C00050000,2024-12-16 05:05:56+00:00,50.0,27.9,26.6,27.5,0.0,0.0,3.0,38,1.0000000000000003e-05,True,REGULAR,USD,JCI,1,2025-06-20,2025-04-23 13:04:20.876477,79.05500030517578
JCI250620C00052500,2024-12-16 05:05:56+00:00,52.5,25.3,28.7,31.6,0.0,0.0,6.0,8,1.231937434082031,True,REGULAR,USD,JCI,1,2025-06-20,2025-04-23 13:04:20.876477,79.05500030517578
JCI250620C00055000,2024-12-16 05:05:56+00:00,55.0,22.4,21.6,22.8,0.0,0.0,1.0,33,1.0000000000000003e-05,True,REGULAR,USD,JCI,1,2025-06-20,2025-04-23 13:04:20.876477,79.05500030517578
JCI250620C00057500,2024-12-16 05:05:56+00:00,57.5,21.1,19.5,20.2,0.0,0.0,7.0,38,1.0000000000000003e-05,True,REGULAR,USD,JCI,1,2025-06-20,2025-04-23 13:04:20.876477,79.05500030517578
JCI250620C00060000,2025-04-23 15:23:13+00:00,60.0,19.8,19.5,20.7,3.3999996,20.731707,63.0,41,0.6005899316406251,True,REGULAR,USD,JCI,1,2025-06-20,2025-04-23 13:04:20.876477,79.05500030517578
JCI250620C00062500,2025-04-07 17:00:09+00:00,62.5,11.4,17.1,18.4,0.0,0.0,1.0,30,0.5578657495117189,True,REGULAR,USD,JCI,1,2025-06-20,2025-04-23 13:04:20.876477,79.05500030517578
JCI250620C00065000,2025-04-23 15:00:54+00:00,65.0,15.6,14.9,15.8,4.9300003,46.204315,383.0,94,0.5051319018554687,True,REGULAR,USD,JCI,1,2025-06-20,2025-04-23 13:04:20.876477,79.05500030517578
JCI250620C00067500,2025-04-09 13:30:11+00:00,67.5,13.5,12.7,14.4,5.3999996,66.66666,1.0,79,0.5219774365234374,True,REGULAR,USD,JCI,1,2025-06-20,2025-04-23 13:04:20.876477,79.05500030517578
JCI250620C00070000,2025-04-23 14:56:18+00:00,70.0,11.9,10.5,11.9,1.7399998,17.125982,277.0,1189,0.5349167602539062,True,REGULAR,USD,JCI,1,2025-06-20,2025-04-23 13:04:20.876477,79.05500030517578
JCI250620C00072500,2025-04-17 18:46:50+00:00,72.5,8.0,8.4,9.8,0.0,0.0,22.0,486,0.49121602539062503,True,REGULAR,USD,JCI,1,2025-06-20,2025-04-23 13:04:20.876477,79.05500030517578
JCI250620C00075000,2025-04-21 19:47:04+00:00,75.0,7.7,7.2,7.9,3.1,67.391304,334.0,1904,0.45740288696289066,True,REGULAR,USD,JCI,1,2025-06-20,2025-04-23 13:04:20.876477,79.05500030517578
JCI250620C00077500,2025-04-23 15:13:11+00:00,77.5,5.9,5.4,6.3,2.0,51.28205,271.0,160,0.4376276940917969,True,REGULAR,USD,JCI,1,2025-06-20,2025-04-23 13:04:20.876477,79.05500030517578
JCI250620C00080000,2025-04-23 15:09:32+00:00,80.0,5.1,4.0,5.1,2.0,64.51613,5.0,1849,0.4364070031738281,False,REGULAR,USD,JCI,1,2025-06-20,2025-04-23 13:04:20.876477,79.05500030517578
JCI250620C00082500,2025-04-23 15:18:33+00:00,82.5,3.8,3.1,3.5,1.6499999,76.74418,1030.0,689,0.3891662646484375,False,REGULAR,USD,JCI,1,2025-06-20,2025-04-23 13:04:20.876477,79.05500030517578
JCI250620C00085000,2025-04-23 15:16:55+00:00,85.0,2.65,2.2,2.55,1.2500001,89.28573,199.0,3379,0.37793590820312495,False,REGULAR,USD,JCI,1,2025-06-20,2025-04-23 13:04:20.876477,79.05500030517578
JCI250620C00087500,2025-04-23 16:04:42+00:00,87.5,1.35,1.2,1.65,0.44,48.351646,4.0,1049,0.3537662280273437,False,REGULAR,USD,JCI,1,2025-06-20,2025-04-23 13:04:20.876477,79.05500030517578
JCI250620C00090000,2025-04-23 16:14:47+00:00,90.0,0.95,0.8,1.35,0.33999997,55.737698,46.0,1005,0.3726869372558594,False,REGULAR,USD,JCI,1,2025-06-20,2025-04-23 13:04:20.876477,79.05500030517578
JCI250620C00092500,2025-04-22 17:03:36+00:00,92.5,0.2,0.35,0.9,0.0,0.0,1.0,514,0.3635317553710938,False,REGULAR,USD,JCI,1,2025-06-20,2025-04-23 13:04:20.876477,79.05500030517578
JCI250620C00095000,2025-04-21 19:43:24+00:00,95.0,0.24,0.05,2.05,0.0,0.0,1535.0,3082,0.5373581420898439,False,REGULAR,USD,JCI,1,2025-06-20,2025-04-23 13:04:20.876477,79.05500030517578
JCI250620C00097500,2025-04-11 14:13:59+00:00,97.5,0.31,0.0,0.6,0.0,0.0,6.0,23,0.3940490283203125,False,REGULAR,USD,JCI,1,2025-06-20,2025-04-23 13:04:20.876477,79.05500030517578
JCI250620C00100000,2025-04-21 13:30:14+00:00,100.0,0.1,0.0,1.4,0.0,0.0,2.0,404,0.5441940112304688,False,REGULAR,USD,JCI,1,2025-06-20,2025-04-23 13:04:20.876477,79.05500030517578
JCI250620C00105000,2025-03-26 19:23:49+00:00,105.0,0.63,0.0,0.55,0.0,0.0,7.0,3029,0.4802298071289062,False,REGULAR,USD,JCI,1,2025-06-20,2025-04-23 13:04:20.876477,79.05500030517578
JCI250620C00110000,2025-03-26 13:30:02+00:00,110.0,0.05,0.0,0.1,0.0,0.0,1.0,82,0.39453730468750003,False,REGULAR,USD,JCI,1,2025-06-20,2025-04-23 13:04:20.876477,79.05500030517578
JCI250620P00035000,2024-12-16 05:05:59+00:00,35.0,0.15,0.0,0.95,0.0,0.0,198.0,203,1.2041055419921873,False,REGULAR,USD,JCI,0,2025-06-20,2025-04-23 13:04:20.877480,79.05500030517578
JCI250620P00045000,2025-04-04 16:36:03+00:00,45.0,0.15,0.0,2.2,0.0,0.0,40.0,45,1.0634812451171878,False,REGULAR,USD,JCI,0,2025-06-20,2025-04-23 13:04:20.877480,79.05500030517578
JCI250620P00047500,2024-12-16 05:06:00+00:00,47.5,0.42,0.0,0.0,0.0,0.0,50.0,0,0.2500075,False,REGULAR,USD,JCI,0,2025-06-20,2025-04-23 13:04:20.877480,79.05500030517578
JCI250620P00050000,2025-01-21 16:07:40+00:00,50.0,0.15,0.0,2.2,0.0,0.0,5.0,7,0.8999033447265624,False,REGULAR,USD,JCI,0,2025-06-20,2025-04-23 13:04:20.877480,79.05500030517578
JCI250620P00052500,2025-04-09 15:07:03+00:00,52.5,1.04,0.0,2.3,0.0,0.0,14.0,36,0.8339860351562498,False,REGULAR,USD,JCI,0,2025-06-20,2025-04-23 13:04:20.877480,79.05500030517578
JCI250620P00055000,2025-04-09 15:58:09+00:00,55.0,1.35,0.0,2.35,0.0,0.0,2.0,82,0.764650791015625,False,REGULAR,USD,JCI,0,2025-06-20,2025-04-23 13:04:20.877480,79.05500030517578
JCI250620P00057500,2025-04-03 18:41:41+00:00,57.5,0.45,0.0,1.75,0.0,0.0,1.0,1534,0.6357458300781251,False,REGULAR,USD,JCI,0,2025-06-20,2025-04-23 13:04:20.877480,79.05500030517578
JCI250620P00060000,2025-04-09 14:18:40+00:00,60.0,2.09,0.35,1.2,0.0,0.0,12.0,77,0.5507857421875001,False,REGULAR,USD,JCI,0,2025-06-20,2025-04-23 13:04:20.877480,79.05500030517578
JCI250620P00062500,2025-04-17 17:21:02+00:00,62.5,0.85,0.5,2.2,0.0,0.0,101.0,152,0.5815471533203125,False,REGULAR,USD,JCI,0,2025-06-20,2025-04-23 13:04:20.877480,79.05500030517578
JCI250620P00065000,2025-04-22 17:34:01+00:00,65.0,1.2,0.75,2.45,0.0,0.0,3.0,377,0.5461471166992189,False,REGULAR,USD,JCI,0,2025-06-20,2025-04-23 13:04:20.877480,79.05500030517578
JCI250620P00067500,2025-04-22 18:42:57+00:00,67.5,1.59,1.1,2.15,0.0,0.0,10.0,347,0.5395553857421876,False,REGULAR,USD,JCI,0,2025-06-20,2025-04-23 13:04:20.877480,79.05500030517578
JCI250620P00070000,2025-04-17 16:29:13+00:00,70.0,2.0,1.55,2.6,0.0,0.0,2.0,1772,0.5107470800781251,False,REGULAR,USD,JCI,0,2025-06-20,2025-04-23 13:04:20.877480,79.05500030517578
JCI250620P00072500,2025-04-22 14:55:51+00:00,72.5,3.0,2.0,3.9,0.0,0.0,4.0,631,0.5504195349121095,False,REGULAR,USD,JCI,0,2025-06-20,2025-04-23 13:04:20.877480,79.05500030517578
JCI250620P00075000,2025-04-22 14:51:35+00:00,75.0,4.0,2.05,4.4,0.0,0.0,4.0,233,0.5043994873046875,False,REGULAR,USD,JCI,0,2025-06-20,2025-04-23 13:04:20.877480,79.05500030517578
JCI250620P00077500,2025-04-22 17:15:26+00:00,77.5,4.9,3.6,5.8,0.0,0.0,11.0,715,0.5225877819824218,False,REGULAR,USD,JCI,0,2025-06-20,2025-04-23 13:04:20.877480,79.05500030517578
JCI250620P00080000,2025-04-23 14:13:01+00:00,80.0,4.1,4.8,6.3,-3.8899999,-48.68586,18.0,209,0.45654840332031255,True,REGULAR,USD,JCI,0,2025-06-20,2025-04-23 13:04:20.877480,79.05500030517578
JCI250620P00082500,2025-04-09 18:45:38+00:00,82.5,7.5,6.0,7.6,0.0,0.0,2.0,552,0.44165597412109375,True,REGULAR,USD,JCI,0,2025-06-20,2025-04-23 13:04:20.877480,79.05500030517578
JCI250620P00085000,2025-04-21 14:29:30+00:00,85.0,9.87,7.1,9.8,0.0,0.0,1.0,352,0.48694360717773444,True,REGULAR,USD,JCI,0,2025-06-20,2025-04-23 13:04:20.877480,79.05500030517578
JCI250620P00087500,2025-04-02 17:49:39+00:00,87.5,7.0,8.6,10.5,0.0,0.0,5.0,185,0.3922179919433594,True,REGULAR,USD,JCI,0,2025-06-20,2025-04-23 13:04:20.877480,79.05500030517578
JCI250620P00090000,2025-04-23 15:17:29+00:00,90.0,11.8,11.1,12.5,-7.7,-39.48718,283.0,246,0.39453730468750003,True,REGULAR,USD,JCI,0,2025-06-20,2025-04-23 13:04:20.877480,79.05500030517578
JCI250620P00092500,2025-02-19 20:48:01+00:00,92.5,5.6,9.5,12.6,0.0,0.0,35.0,107,1.0000000000000003e-05,True,REGULAR,USD,JCI,0,2025-06-20,2025-04-23 13:04:20.877480,79.05500030517578
JCI250620P00095000,2025-02-07 15:47:27+00:00,95.0,8.6,15.5,19.4,0.0,0.0,4.0,15,0.6733431103515627,True,REGULAR,USD,JCI,0,2025-06-20,2025-04-23 13:04:20.877480,79.05500030517578
JCI250620P00100000,2025-02-12 14:33:43+00:00,100.0,12.7,18.7,22.6,0.0,0.0,3.0,4,0.5754436987304687,True,REGULAR,USD,JCI,0,2025-06-20,2025-04-23 13:04:20.877480,79.05500030517578
JCI250620P00110000,2025-02-20 16:11:39+00:00,110.0,21.15,25.6,30.0,0.0,0.0,,1,1.0000000000000003e-05,True,REGULAR,USD,JCI,0,2025-06-20,2025-04-23 13:04:20.877480,79.05500030517578
JCI250718C00065000,2025-04-11 15:00:03+00:00,65.0,14.1,14.6,17.2,0.0,0.0,,0,0.5998575170898439,True,REGULAR,USD,JCI,1,2025-07-18,2025-04-23 13:04:20.926679,79.05500030517578
JCI250718C00070000,2025-04-09 17:25:18+00:00,70.0,10.2,11.0,11.9,0.0,0.0,,4,0.4405573522949219,True,REGULAR,USD,JCI,1,2025-07-18,2025-04-23 13:04:20.926679,79.05500030517578
JCI250718C00072500,2025-01-21 16:46:28+00:00,72.5,12.5,13.6,17.5,0.0,0.0,,14,0.818117053222656,True,REGULAR,USD,JCI,1,2025-07-18,2025-04-23 13:04:20.926679,79.05500030517578
JCI250718C00075000,2025-04-17 14:29:07+00:00,75.0,6.6,7.5,8.4,0.0,0.0,83.0,172,0.41138283935546877,True,REGULAR,USD,JCI,1,2025-07-18,2025-04-23 13:04:20.926679,79.05500030517578
JCI250718C00077500,2025-04-22 19:38:58+00:00,77.5,4.8,5.8,7.0,0.0,0.0,22.0,119,0.4067442138671875,True,REGULAR,USD,JCI,1,2025-07-18,2025-04-23 13:04:20.926679,79.05500030517578
JCI250718C00080000,2025-04-22 16:37:34+00:00,80.0,3.7,4.8,5.9,0.0,0.0,154.0,209,0.41138283935546877,False,REGULAR,USD,JCI,1,2025-07-18,2025-04-23 13:04:20.926679,79.05500030517578
JCI250718C00082500,2025-04-22 18:36:41+00:00,82.5,2.65,3.4,4.6,0.0,0.0,21.0,287,0.39282833740234374,False,REGULAR,USD,JCI,1,2025-07-18,2025-04-23 13:04:20.926679,79.05500030517578
JCI250718C00085000,2025-04-22 19:14:50+00:00,85.0,3.0,2.5,3.2,1.2,66.66667,99.0,248,0.35645174804687496,False,REGULAR,USD,JCI,1,2025-07-18,2025-04-23 13:04:20.926679,79.05500030517578
JCI250718C00087500,2025-04-23 14:26:27+00:00,87.5,2.1,1.5,3.4,0.79999995,61.53846,4.0,116,0.4206600903320313,False,REGULAR,USD,JCI,1,2025-07-18,2025-04-23 13:04:20.926679,79.05500030517578
JCI250718C00090000,2025-04-23 16:13:07+00:00,90.0,1.3,1.15,1.6,0.54999995,73.33333,6.0,1096,0.3286199951171874,False,REGULAR,USD,JCI,1,2025-07-18,2025-04-23 13:04:20.926679,79.05500030517578
JCI250718C00092500,2025-04-15 18:14:13+00:00,92.5,0.84,0.75,1.1,0.0,0.0,10.0,206,0.3200751586914062,False,REGULAR,USD,JCI,1,2025-07-18,2025-04-23 13:04:20.926679,79.05500030517578
JCI250718C00095000,2025-04-22 19:25:38+00:00,95.0,0.2,0.4,0.75,0.0,0.0,1.0,149,0.31445998046874996,False,REGULAR,USD,JCI,1,2025-07-18,2025-04-23 13:04:20.926679,79.05500030517578
JCI250718C00097500,2025-03-27 17:25:06+00:00,97.5,0.7,0.0,0.6,0.0,0.0,3.0,59,0.3244696459960937,False,REGULAR,USD,JCI,1,2025-07-18,2025-04-23 13:04:20.926679,79.05500030517578
JCI250718C00100000,2025-04-22 13:54:54+00:00,100.0,0.07,0.15,0.35,0.0,0.0,5.0,821,0.3103096313476562,False,REGULAR,USD,JCI,1,2025-07-18,2025-04-23 13:04:20.926679,79.05500030517578
JCI250718C00110000,2025-03-06 14:30:02+00:00,110.0,0.3,0.0,2.15,0.0,0.0,13.0,14,0.5207567456054687,False,REGULAR,USD,JCI,1,2025-07-18,2025-04-23 13:04:20.926679,79.05500030517578
JCI250718P00050000,2025-04-17 19:25:26+00:00,50.0,0.32,0.0,0.9,0.0,0.0,1.0,1,0.596683720703125,False,REGULAR,USD,JCI,0,2025-07-18,2025-04-23 13:04:20.927637,79.05500030517578
JCI250718P00055000,2025-04-17 19:25:26+00:00,55.0,0.69,0.15,0.5,0.0,0.0,1.0,1,0.5039112109375,False,REGULAR,USD,JCI,0,2025-07-18,2025-04-23 13:04:20.927637,79.05500030517578
JCI250718P00060000,2025-04-22 19:06:23+00:00,60.0,0.8,0.55,0.85,0.0,0.0,10.0,811,0.46533737792968755,False,REGULAR,USD,JCI,0,2025-07-18,2025-04-23 13:04:20.927637,79.05500030517578
JCI250718P00065000,2025-04-22 18:07:54+00:00,65.0,1.65,0.95,1.8,0.0,0.0,3.0,117,0.47095255615234377,False,REGULAR,USD,JCI,0,2025-07-18,2025-04-23 13:04:20.927637,79.05500030517578
JCI250718P00070000,2025-04-22 18:50:49+00:00,70.0,2.62,1.8,3.6,0.0,0.0,3.0,131,0.5009815527343751,False,REGULAR,USD,JCI,0,2025-07-18,2025-04-23 13:04:20.927637,79.05500030517578
JCI250718P00072500,2025-04-22 18:08:23+00:00,72.5,2.42,2.55,3.3,-1.1799998,-32.777775,15.0,54,0.40869731933593745,False,REGULAR,USD,JCI,0,2025-07-18,2025-04-23 13:04:20.927637,79.05500030517578
JCI250718P00075000,2025-04-22 18:08:43+00:00,75.0,4.5,3.5,4.5,0.0,0.0,9.0,27,0.4222469885253906,False,REGULAR,USD,JCI,0,2025-07-18,2025-04-23 13:04:20.927637,79.05500030517578
JCI250718P00077500,2025-04-22 14:58:32+00:00,77.5,5.8,4.2,5.6,0.0,0.0,10.0,135,0.41712008666992184,False,REGULAR,USD,JCI,0,2025-07-18,2025-04-23 13:04:20.927637,79.05500030517578
JCI250718P00080000,2025-04-23 15:40:29+00:00,80.0,5.4,5.3,6.3,-1.6999998,-23.94366,1.0,167,0.375982802734375,True,REGULAR,USD,JCI,0,2025-07-18,2025-04-23 13:04:20.927637,79.05500030517578
JCI250718P00082500,2025-04-17 14:05:19+00:00,82.5,7.55,6.6,7.5,0.0,0.0,1.0,192,0.35718416259765623,True,REGULAR,USD,JCI,0,2025-07-18,2025-04-23 13:04:20.927637,79.05500030517578
JCI250718P00085000,2025-03-25 16:09:40+00:00,85.0,5.0,7.6,9.6,0.0,0.0,53.0,154,0.3874572973632812,True,REGULAR,USD,JCI,0,2025-07-18,2025-04-23 13:04:20.927637,79.05500030517578
JCI250718P00087500,2025-04-21 16:49:03+00:00,87.5,13.59,8.6,10.5,0.0,0.0,9.0,33,0.32300481689453114,True,REGULAR,USD,JCI,0,2025-07-18,2025-04-23 13:04:20.927637,79.05500030517578
JCI250718P00090000,2025-04-17 16:49:02+00:00,90.0,13.1,11.7,12.4,0.0,0.0,2.0,294,0.31629101684570304,True,REGULAR,USD,JCI,0,2025-07-18,2025-04-23 13:04:20.927637,79.05500030517578
JCI250718P00092500,2025-03-26 14:42:33+00:00,92.5,9.6,13.9,14.5,0.0,0.0,5.0,146,0.3156806713867187,True,REGULAR,USD,JCI,0,2025-07-18,2025-04-23 13:04:20.927637,79.05500030517578
JCI250718P00095000,2025-03-27 17:31:22+00:00,95.0,13.1,14.6,17.4,0.0,0.0,,7,0.3891662646484375,True,REGULAR,USD,JCI,0,2025-07-18,2025-04-23 13:04:20.927637,79.05500030517578
JCI250718P00100000,2025-02-10 18:11:16+00:00,100.0,11.6,19.4,23.2,0.0,0.0,,2,0.5293015820312501,True,REGULAR,USD,JCI,0,2025-07-18,2025-04-23 13:04:20.927637,79.05500030517578
JCI250919C00055000,2024-11-19 14:30:14+00:00,55.0,26.9,22.5,24.4,0.0,0.0,1.0,4,0.3530338134765625,True,REGULAR,USD,JCI,1,2025-09-19,2025-04-23 13:04:20.986767,79.05500030517578
JCI250919C00060000,2025-02-25 19:25:55+00:00,60.0,25.07,20.0,23.7,0.0,0.0,1.0,10,0.5349167602539062,True,REGULAR,USD,JCI,1,2025-09-19,2025-04-23 13:04:20.986767,79.05500030517578
JCI250919C00065000,2024-12-17 20:55:59+00:00,65.0,19.86,15.3,16.2,0.0,0.0,2.0,16,0.3850159155273437,True,REGULAR,USD,JCI,1,2025-09-19,2025-04-23 13:04:20.986767,79.05500030517578
JCI250919C00067500,2025-04-08 18:30:22+00:00,67.5,11.0,14.3,16.7,0.0,0.0,1.0,21,0.5299119274902344,True,REGULAR,USD,JCI,1,2025-09-19,2025-04-23 13:04:20.986767,79.05500030517578
JCI250919C00070000,2025-04-09 17:19:19+00:00,70.0,9.3,12.5,14.9,0.0,0.0,8.0,13,0.5122119091796875,True,REGULAR,USD,JCI,1,2025-09-19,2025-04-23 13:04:20.986767,79.05500030517578
JCI250919C00072500,2025-04-16 14:26:42+00:00,72.5,10.71,11.2,12.9,0.0,0.0,1.0,16,0.4796804962158203,True,REGULAR,USD,JCI,1,2025-09-19,2025-04-23 13:04:20.986767,79.05500030517578
JCI250919C00075000,2025-04-22 16:15:46+00:00,75.0,10.21,9.3,11.3,2.1099997,26.049377,1.0,7618,0.46521530883789064,True,REGULAR,USD,JCI,1,2025-09-19,2025-04-23 13:04:20.986767,79.05500030517578
JCI250919C00077500,2025-04-16 19:58:59+00:00,77.5,7.2,7.0,10.3,0.0,0.0,20.0,236,0.4764456652832031,True,REGULAR,USD,JCI,1,2025-09-19,2025-04-23 13:04:20.986767,79.05500030517578
JCI250919C00080000,2025-04-22 15:33:57+00:00,80.0,5.3,6.1,7.6,0.0,0.0,2.0,1476,0.397466962890625,False,REGULAR,USD,JCI,1,2025-09-19,2025-04-23 13:04:20.986767,79.05500030517578
JCI250919C00082500,2025-04-23 15:21:07+00:00,82.5,6.6,5.2,6.2,2.5,60.975613,4.0,116,0.37854625366210937,False,REGULAR,USD,JCI,1,2025-09-19,2025-04-23 13:04:20.986767,79.05500030517578
JCI250919C00085000,2025-04-23 15:57:06+00:00,85.0,5.1,4.2,5.0,1.5999999,45.714283,5.0,303,0.3634707208251954,False,REGULAR,USD,JCI,1,2025-09-19,2025-04-23 13:04:20.986767,79.05500030517578
JCI250919C00087500,2025-04-23 15:21:08+00:00,87.5,4.0,3.2,5.4,0.29999995,8.108107,6.0,98,0.42413905944824215,False,REGULAR,USD,JCI,1,2025-09-19,2025-04-23 13:04:20.986767,79.05500030517578
JCI250919C00090000,2025-04-23 15:42:45+00:00,90.0,2.35,1.9,3.2,0.29999995,14.634145,86.0,476,0.3446110461425781,False,REGULAR,USD,JCI,1,2025-09-19,2025-04-23 13:04:20.986767,79.05500030517578
JCI250919C00092500,2025-04-21 17:36:09+00:00,92.5,1.05,1.7,2.35,0.0,0.0,3.0,147,0.327155166015625,False,REGULAR,USD,JCI,1,2025-09-19,2025-04-23 13:04:20.986767,79.05500030517578
JCI250919C00095000,2025-04-22 19:50:54+00:00,95.0,1.11,1.15,1.8,0.0,0.0,1.0,342,0.32031929687499994,False,REGULAR,USD,JCI,1,2025-09-19,2025-04-23 13:04:20.986767,79.05500030517578
JCI250919C00097500,2025-04-10 18:05:07+00:00,97.5,1.15,0.8,1.35,0.0,0.0,6.0,14,0.3136054968261719,False,REGULAR,USD,JCI,1,2025-09-19,2025-04-23 13:04:20.986767,79.05500030517578
JCI250919C00100000,2025-04-01 19:53:29+00:00,100.0,1.2,0.6,1.05,0.0,0.0,7.0,41,0.3122627368164062,False,REGULAR,USD,JCI,1,2025-09-19,2025-04-23 13:04:20.986767,79.05500030517578
JCI250919C00105000,2025-04-10 18:44:38+00:00,105.0,0.31,0.0,0.85,0.0,0.0,3.0,24,0.33521172607421873,False,REGULAR,USD,JCI,1,2025-09-19,2025-04-23 13:04:20.986767,79.05500030517578
JCI250919C00110000,2025-04-09 14:47:44+00:00,110.0,1.45,0.0,1.5,0.0,0.0,50.0,57,0.43530838134765626,False,REGULAR,USD,JCI,1,2025-09-19,2025-04-23 13:04:20.986767,79.05500030517578
JCI250919C00115000,2024-12-13 17:32:27+00:00,115.0,0.55,0.0,1.6,0.0,0.0,1.0,13,0.4821829125976563,False,REGULAR,USD,JCI,1,2025-09-19,2025-04-23 13:04:20.986767,79.05500030517578
JCI250919P00050000,2025-01-27 14:30:16+00:00,50.0,0.35,0.0,2.75,0.0,0.0,,10,0.6013223461914063,False,REGULAR,USD,JCI,0,2025-09-19,2025-04-23 13:04:20.987771,79.05500030517578
JCI250919P00055000,2025-04-21 13:30:08+00:00,55.0,1.28,0.4,1.85,0.0,0.0,1.0,5,0.5537154003906251,False,REGULAR,USD,JCI,0,2025-09-19,2025-04-23 13:04:20.987771,79.05500030517578
JCI250919P00060000,2025-04-11 18:10:42+00:00,60.0,1.93,0.4,3.1,0.0,0.0,5.0,6,0.5590864404296876,False,REGULAR,USD,JCI,0,2025-09-19,2025-04-23 13:04:20.987771,79.05500030517578
JCI250919P00065000,2025-04-10 14:26:53+00:00,65.0,2.78,1.75,3.5,0.0,0.0,6.0,22,0.48120635986328125,False,REGULAR,USD,JCI,0,2025-09-19,2025-04-23 13:04:20.987771,79.05500030517578
JCI250919P00067500,2025-04-10 13:59:58+00:00,67.5,3.4,2.25,4.6,0.0,0.0,1.0,306,0.4968312036132813,False,REGULAR,USD,JCI,0,2025-09-19,2025-04-23 13:04:20.987771,79.05500030517578
JCI250919P00070000,2025-04-14 19:21:35+00:00,70.0,3.4,2.5,5.3,0.0,0.0,25.0,57,0.4810842907714844,False,REGULAR,USD,JCI,0,2025-09-19,2025-04-23 13:04:20.987771,79.05500030517578
JCI250919P00072500,2025-04-22 14:30:22+00:00,72.5,5.2,3.7,4.9,0.0,0.0,2.0,92,0.4007628283691406,False,REGULAR,USD,JCI,0,2025-09-19,2025-04-23 13:04:20.987771,79.05500030517578
JCI250919P00075000,2025-04-22 14:32:25+00:00,75.0,6.1,4.7,6.1,0.0,0.0,4.0,341,0.40552352294921873,False,REGULAR,USD,JCI,0,2025-09-19,2025-04-23 13:04:20.987771,79.05500030517578
JCI250919P00077500,2025-04-23 15:11:30+00:00,77.5,5.9,5.6,6.9,-1.2999997,-18.055552,4.0,274,0.3833069482421875,False,REGULAR,USD,JCI,0,2025-09-19,2025-04-23 13:04:20.987771,79.05500030517578
JCI250919P00080000,2025-04-23 15:56:28+00:00,80.0,7.2,6.0,7.5,-1.3000002,-15.29412,5.0,163,0.3458317370605468,True,REGULAR,USD,JCI,0,2025-09-19,2025-04-23 13:04:20.987771,79.05500030517578
JCI250919P00082500,2025-04-23 15:37:16+00:00,82.5,8.2,7.5,9.3,-1.5,-15.463918,7.0,924,0.3616396844482421,True,REGULAR,USD,JCI,0,2025-09-19,2025-04-23 13:04:20.987771,79.05500030517578
JCI250919P00085000,2025-04-03 19:28:15+00:00,85.0,10.3,9.2,10.6,0.0,0.0,2.0,183,0.3461979443359374,True,REGULAR,USD,JCI,0,2025-09-19,2025-04-23 13:04:20.987771,79.05500030517578
JCI250919P00087500,2025-04-07 17:45:58+00:00,87.5,16.6,10.5,13.2,0.0,0.0,2.0,902,0.3913635083007812,True,REGULAR,USD,JCI,0,2025-09-19,2025-04-23 13:04:20.987771,79.05500030517578
JCI250919P00090000,2025-03-31 19:45:00+00:00,90.0,11.7,12.4,13.2,0.0,0.0,1.0,198,0.29077857666015616,True,REGULAR,USD,JCI,0,2025-09-19,2025-04-23 13:04:20.987771,79.05500030517578
JCI250919P00092500,2025-04-22 17:08:03+00:00,92.5,16.7,14.3,15.2,0.0,0.0,1.0,98,0.28992409301757804,True,REGULAR,USD,JCI,0,2025-09-19,2025-04-23 13:04:20.987771,79.05500030517578
JCI250919P00095000,2025-03-31 19:44:37+00:00,95.0,15.4,15.0,17.9,0.0,0.0,,2,0.3309393078613281,True,REGULAR,USD,JCI,0,2025-09-19,2025-04-23 13:04:20.987771,79.05500030517578
JCI251017C00072500,2025-04-16 14:26:42+00:00,72.5,11.19,11.6,12.8,0.0,0.0,1.0,1,0.43530838134765626,True,REGULAR,USD,JCI,1,2025-10-17,2025-04-23 13:04:21.047196,79.05500030517578
JCI251017C00080000,2025-04-21 17:46:19+00:00,80.0,5.1,7.2,8.0,0.0,0.0,1.0,17,0.3830628100585937,False,REGULAR,USD,JCI,1,2025-10-17,2025-04-23 13:04:21.047196,79.05500030517578
JCI251017C00082500,2025-04-17 17:06:09+00:00,82.5,5.4,4.7,6.6,0.0,0.0,23.0,38,0.3657289990234375,False,REGULAR,USD,JCI,1,2025-10-17,2025-04-23 13:04:21.047196,79.05500030517578
JCI251017C00085000,2025-04-22 18:50:36+00:00,85.0,4.0,4.7,5.5,0.0,0.0,15.0,26,0.3566958862304687,False,REGULAR,USD,JCI,1,2025-10-17,2025-04-23 13:04:21.047196,79.05500030517578
JCI251017C00087500,2025-04-15 19:07:55+00:00,87.5,3.91,3.7,4.4,0.0,0.0,11.0,26,0.34229173339843744,False,REGULAR,USD,JCI,1,2025-10-17,2025-04-23 13:04:21.047196,79.05500030517578
JCI251017C00090000,2025-04-22 14:06:12+00:00,90.0,3.3,2.75,3.5,1.3,65.0,1.0,34,0.3314275842285156,False,REGULAR,USD,JCI,1,2025-10-17,2025-04-23 13:04:21.047196,79.05500030517578
JCI251017C00092500,2025-04-10 18:53:15+00:00,92.5,2.3,1.7,2.85,0.0,0.0,7.0,27,0.3276434423828125,False,REGULAR,USD,JCI,1,2025-10-17,2025-04-23 13:04:21.047196,79.05500030517578
JCI251017C00095000,2025-04-02 16:50:09+00:00,95.0,2.7,0.95,2.45,0.0,0.0,28.0,31,0.33264827514648443,False,REGULAR,USD,JCI,1,2025-10-17,2025-04-23 13:04:21.047196,79.05500030517578
JCI251017C00097500,2025-03-25 13:30:01+00:00,97.5,2.3,0.0,2.0,0.0,0.0,,1,0.33081723876953123,False,REGULAR,USD,JCI,1,2025-10-17,2025-04-23 13:04:21.047196,79.05500030517578
JCI251017C00100000,2025-04-22 19:00:36+00:00,100.0,0.7,0.7,1.25,0.0,0.0,1.0,3,0.30225307128906254,False,REGULAR,USD,JCI,1,2025-10-17,2025-04-23 13:04:21.047196,79.05500030517578
JCI251017P00040000,2025-04-04 16:36:42+00:00,40.0,0.35,0.0,2.25,0.0,0.0,41.0,41,0.7209500561523439,False,REGULAR,USD,JCI,0,2025-10-17,2025-04-23 13:04:21.049201,79.05500030517578
JCI251017P00042500,2025-04-04 16:32:34+00:00,42.5,0.5,0.05,1.65,0.0,0.0,20.0,20,0.6215858154296876,False,REGULAR,USD,JCI,0,2025-10-17,2025-04-23 13:04:21.049201,79.05500030517578
JCI251017P00047500,2025-04-09 15:12:54+00:00,47.5,1.24,0.1,1.9,0.0,0.0,,0,0.5500533276367189,False,REGULAR,USD,JCI,0,2025-10-17,2025-04-23 13:04:21.049201,79.05500030517578
JCI251017P00050000,2025-04-09 15:11:35+00:00,50.0,1.59,0.35,2.1,0.0,0.0,,94,0.5339402075195312,False,REGULAR,USD,JCI,0,2025-10-17,2025-04-23 13:04:21.049201,79.05500030517578
JCI251017P00055000,2025-04-10 19:56:57+00:00,55.0,1.9,0.85,1.5,0.0,0.0,,1,0.47437049072265625,False,REGULAR,USD,JCI,0,2025-10-17,2025-04-23 13:04:21.049201,79.05500030517578
JCI251017P00065000,2025-04-17 19:24:26+00:00,65.0,3.2,2.1,4.4,0.0,0.0,1.0,4,0.4963429272460938,False,REGULAR,USD,JCI,0,2025-10-17,2025-04-23 13:04:21.049201,79.05500030517578
JCI251017P00070000,2025-02-28 17:35:50+00:00,70.0,1.94,3.8,4.5,0.0,0.0,1.0,1,0.3991759301757813,False,REGULAR,USD,JCI,0,2025-10-17,2025-04-23 13:04:21.049201,79.05500030517578
JCI251017P00072500,2025-04-10 15:31:39+00:00,72.5,5.75,4.2,6.2,0.0,0.0,,2,0.4332332067871094,False,REGULAR,USD,JCI,0,2025-10-17,2025-04-23 13:04:21.049201,79.05500030517578
JCI251017P00080000,2025-04-22 17:30:00+00:00,80.0,8.7,6.3,8.0,0.0,0.0,20.0,43,0.3402165588378906,True,REGULAR,USD,JCI,0,2025-10-17,2025-04-23 13:04:21.049201,79.05500030517578
JCI251017P00082500,2025-04-22 17:33:10+00:00,82.5,10.1,8.0,9.2,0.0,0.0,82.0,87,0.32746033874511715,True,REGULAR,USD,JCI,0,2025-10-17,2025-04-23 13:04:21.049201,79.05500030517578
JCI251017P00090000,2025-02-26 17:28:58+00:00,90.0,8.7,11.0,14.1,0.0,0.0,,1,0.3142158422851562,True,REGULAR,USD,JCI,0,2025-10-17,2025-04-23 13:04:21.049201,79.05500030517578
JCI251017P00095000,2025-03-11 19:42:57+00:00,95.0,18.5,15.9,19.4,0.0,0.0,,7,0.387701435546875,True,REGULAR,USD,JCI,0,2025-10-17,2025-04-23 13:04:21.049201,79.05500030517578
JCI260116C00025000,2024-12-16 05:06:04+00:00,25.0,38.9,38.0,43.0,0.0,0.0,1.0,4,1.0000000000000003e-05,True,REGULAR,USD,JCI,1,2026-01-16,2025-04-23 13:04:21.111366,79.05500030517578
JCI260116C00030000,2024-12-16 05:06:04+00:00,30.0,32.7,33.5,38.5,0.0,0.0,25.0,4,1.0000000000000003e-05,True,REGULAR,USD,JCI,1,2026-01-16,2025-04-23 13:04:21.111366,79.05500030517578
JCI260116C00032500,2024-12-16 05:06:04+00:00,32.5,24.3,0.0,0.0,0.0,0.0,1.0,4,1.0000000000000003e-05,True,REGULAR,USD,JCI,1,2026-01-16,2025-04-23 13:04:21.111366,79.05500030517578
JCI260116C00035000,2024-12-16 05:06:04+00:00,35.0,32.21,32.2,37.0,0.0,0.0,3.0,1,1.0000000000000003e-05,True,REGULAR,USD,JCI,1,2026-01-16,2025-04-23 13:04:21.111366,79.05500030517578
JCI260116C00037500,2024-12-16 05:06:04+00:00,37.5,38.5,37.0,42.0,0.0,0.0,12.0,1,0.5141650146484374,True,REGULAR,USD,JCI,1,2026-01-16,2025-04-23 13:04:21.111366,79.05500030517578
JCI260116C00040000,2024-12-16 05:06:04+00:00,40.0,29.4,36.5,39.8,0.0,0.0,7.0,8,0.5302781347656251,True,REGULAR,USD,JCI,1,2026-01-16,2025-04-23 13:04:21.111366,79.05500030517578
JCI260116C00042500,2025-04-07 14:10:43+00:00,42.5,29.8,36.8,39.7,0.0,0.0,10.0,58,0.607547869873047,True,REGULAR,USD,JCI,1,2026-01-16,2025-04-23 13:04:21.111366,79.05500030517578
JCI260116C00045000,2024-12-16 05:06:04+00:00,45.0,31.5,32.3,35.8,0.0,0.0,8.0,46,0.5671430004882813,True,REGULAR,USD,JCI,1,2026-01-16,2025-04-23 13:04:21.111366,79.05500030517578
JCI260116C00047500,2024-12-16 05:06:04+00:00,47.5,31.7,37.3,40.2,0.0,0.0,7.0,0,0.9154061193847658,True,REGULAR,USD,JCI,1,2026-01-16,2025-04-23 13:04:21.111366,79.05500030517578
JCI260116C00050000,2025-04-11 19:39:57+00:00,50.0,30.28,30.3,31.9,0.0,0.0,5.0,111,0.5080615600585938,True,REGULAR,USD,JCI,1,2026-01-16,2025-04-23 13:04:21.111366,79.05500030517578
JCI260116C00052500,2024-12-16 05:06:05+00:00,52.5,26.9,25.4,26.3,0.0,0.0,5.0,18,1.0000000000000003e-05,True,REGULAR,USD,JCI,1,2026-01-16,2025-04-23 13:04:21.111366,79.05500030517578
JCI260116C00055000,2024-11-22 20:29:34+00:00,55.0,31.0,24.3,26.6,0.0,0.0,2.0,35,0.4631401342773438,True,REGULAR,USD,JCI,1,2026-01-16,2025-04-23 13:04:21.111366,79.05500030517578
JCI260116C00057500,2024-12-16 05:06:05+00:00,57.5,23.38,27.1,30.9,0.0,0.0,1.0,62,0.6984893432617189,True,REGULAR,USD,JCI,1,2026-01-16,2025-04-23 13:04:21.111366,79.05500030517578
JCI260116C00060000,2025-04-03 14:44:42+00:00,60.0,21.12,22.1,23.8,0.0,0.0,5.0,30,0.5079394909667969,True,REGULAR,USD,JCI,1,2026-01-16,2025-04-23 13:04:21.111366,79.05500030517578
JCI260116C00062500,2025-03-13 15:38:12+00:00,62.5,18.7,17.7,21.1,0.0,0.0,1.0,50,0.4534966760253906,True,REGULAR,USD,JCI,1,2026-01-16,2025-04-23 13:04:21.111366,79.05500030517578
JCI260116C00065000,2024-11-20 20:06:02+00:00,65.0,21.8,15.9,17.2,0.0,0.0,2.0,62,0.3409489733886719,True,REGULAR,USD,JCI,1,2026-01-16,2025-04-23 13:04:21.111366,79.05500030517578
JCI260116C00067500,2025-04-07 14:16:19+00:00,67.5,13.0,16.6,17.8,0.0,0.0,5.0,34,0.44482977050781247,True,REGULAR,USD,JCI,1,2026-01-16,2025-04-23 13:04:21.111366,79.05500030517578
JCI260116C00070000,2025-04-14 19:09:57+00:00,70.0,15.6,14.9,16.3,0.0,0.0,1.0,81,0.44165597412109375,True,REGULAR,USD,JCI,1,2026-01-16,2025-04-23 13:04:21.111366,79.05500030517578
JCI260116C00072500,2025-04-07 15:53:51+00:00,72.5,8.7,13.3,14.1,0.0,0.0,4.0,62,0.4067442138671875,True,REGULAR,USD,JCI,1,2026-01-16,2025-04-23 13:04:21.111366,79.05500030517578
JCI260116C00075000,2025-04-15 16:04:59+00:00,75.0,12.1,11.6,12.8,0.0,0.0,2.0,32,0.4057676611328125,True,REGULAR,USD,JCI,1,2026-01-16,2025-04-23 13:04:21.111366,79.05500030517578
JCI260116C00077500,2025-03-10 14:33:19+00:00,77.5,9.48,9.8,10.2,0.0,0.0,2.0,71,0.35193519165039056,True,REGULAR,USD,JCI,1,2026-01-16,2025-04-23 13:04:21.111366,79.05500030517578
JCI260116C00080000,2025-04-23 14:10:00+00:00,80.0,9.78,9.1,9.8,0.47999954,5.1612854,4.0,102,0.3784852191162109,False,REGULAR,USD,JCI,1,2026-01-16,2025-04-23 13:04:21.111366,79.05500030517578
JCI260116C00082500,2025-04-22 19:54:51+00:00,82.5,6.7,7.8,8.8,0.0,0.0,1.0,142,0.3787293572998046,False,REGULAR,USD,JCI,1,2026-01-16,2025-04-23 13:04:21.111366,79.05500030517578
JCI260116C00085000,2025-04-21 18:15:10+00:00,85.0,4.88,6.6,8.2,0.0,0.0,5.0,201,0.3904479901123047,False,REGULAR,USD,JCI,1,2026-01-16,2025-04-23 13:04:21.111366,79.05500030517578
JCI260116C00087500,2025-04-14 16:39:23+00:00,87.5,5.65,5.6,7.2,0.0,0.0,8.0,90,0.38440557006835935,False,REGULAR,USD,JCI,1,2026-01-16,2025-04-23 13:04:21.111366,79.05500030517578
JCI260116C00090000,2025-04-16 15:21:31+00:00,90.0,4.6,4.9,6.6,0.0,0.0,44.0,474,0.39038695556640624,False,REGULAR,USD,JCI,1,2026-01-16,2025-04-23 13:04:21.111366,79.05500030517578
JCI260116C00092500,2025-04-17 18:41:49+00:00,92.5,3.92,4.1,5.6,0.0,0.0,69.0,762,0.37830211547851555,False,REGULAR,USD,JCI,1,2026-01-16,2025-04-23 13:04:21.111366,79.05500030517578
JCI260116C00095000,2025-04-16 14:11:28+00:00,95.0,3.1,2.3,5.5,0.0,0.0,18.0,876,0.39880972290039063,False,REGULAR,USD,JCI,1,2026-01-16,2025-04-23 13:04:21.111366,79.05500030517578
JCI260116C00097500,2025-04-22 16:28:55+00:00,97.5,2.52,2.75,3.8,0.0,0.0,2.0,529,0.35169105346679685,False,REGULAR,USD,JCI,1,2026-01-16,2025-04-23 13:04:21.111366,79.05500030517578
JCI260116C00100000,2025-04-14 17:00:03+00:00,100.0,2.25,2.35,3.0,0.0,0.0,200.0,184,0.33667655517578127,False,REGULAR,USD,JCI,1,2026-01-16,2025-04-23 13:04:21.111366,79.05500030517578
JCI260116C00105000,2025-02-20 20:56:54+00:00,105.0,3.4,1.15,2.6,0.0,0.0,3.0,69,0.35425450439453116,False,REGULAR,USD,JCI,1,2026-01-16,2025-04-23 13:04:21.111366,79.05500030517578
JCI260116C00110000,2025-04-16 18:45:08+00:00,110.0,0.9,0.5,3.4,0.0,0.0,2.0,105,0.42737389038085943,False,REGULAR,USD,JCI,1,2026-01-16,2025-04-23 13:04:21.111366,79.05500030517578
JCI260116C00115000,2025-02-26 20:01:45+00:00,115.0,1.13,0.0,1.8,0.0,0.0,2.0,9,0.3726869372558594,False,REGULAR,USD,JCI,1,2026-01-16,2025-04-23 13:04:21.111366,79.05500030517578
JCI260116C00120000,2025-01-28 16:29:08+00:00,120.0,0.18,0.0,4.7,0.0,0.0,1.0,2,0.5510298803710938,False,REGULAR,USD,JCI,1,2026-01-16,2025-04-23 13:04:21.111366,79.05500030517578
JCI260116C00125000,2025-02-06 17:15:47+00:00,125.0,0.6,0.0,1.65,0.0,0.0,10.0,21,0.4154111193847656,False,REGULAR,USD,JCI,1,2026-01-16,2025-04-23 13:04:21.111366,79.05500030517578
JCI260116P00027500,2024-12-16 05:06:06+00:00,27.5,0.88,0.0,5.0,0.0,0.0,,13,1.0722702636718753,False,REGULAR,USD,JCI,0,2026-01-16,2025-04-23 13:04:21.112368,79.05500030517578
JCI260116P00030000,2024-12-16 05:06:07+00:00,30.0,1.37,0.0,0.0,0.0,0.0,,2,0.2500075,False,REGULAR,USD,JCI,0,2026-01-16,2025-04-23 13:04:21.112368,79.05500030517578
JCI260116P00032500,2024-12-16 05:06:07+00:00,32.5,1.05,0.85,1.05,0.0,0.0,,3,0.708010732421875,False,REGULAR,USD,JCI,0,2026-01-16,2025-04-23 13:04:21.112368,79.05500030517578
JCI260116P00035000,2024-12-16 05:06:07+00:00,35.0,2.49,2.45,2.75,0.0,0.0,,1,0.8676771044921875,False,REGULAR,USD,JCI,0,2026-01-16,2025-04-23 13:04:21.112368,79.05500030517578
JCI260116P00037500,2025-01-24 15:23:06+00:00,37.5,0.18,0.0,1.6,0.0,0.0,4.0,9,0.5832561206054687,False,REGULAR,USD,JCI,0,2026-01-16,2025-04-23 13:04:21.112368,79.05500030517578
JCI260116P00040000,2025-02-19 18:48:12+00:00,40.0,0.85,0.15,2.5,0.0,0.0,2.0,11,0.6123085644531252,False,REGULAR,USD,JCI,0,2026-01-16,2025-04-23 13:04:21.112368,79.05500030517578
JCI260116P00042500,2024-12-16 05:06:07+00:00,42.5,1.05,0.25,1.9,0.0,0.0,1.0,208,0.5361374511718751,False,REGULAR,USD,JCI,0,2026-01-16,2025-04-23 13:04:21.112368,79.05500030517578
JCI260116P00045000,2025-04-21 13:30:08+00:00,45.0,1.38,0.0,3.1,0.0,0.0,2.0,15,0.5478560839843751,False,REGULAR,USD,JCI,0,2026-01-16,2025-04-23 13:04:21.112368,79.05500030517578
JCI260116P00047500,2025-04-10 14:00:53+00:00,47.5,0.9,0.0,2.75,0.0,0.0,1.0,30,0.6096230444335939,False,REGULAR,USD,JCI,0,2026-01-16,2025-04-23 13:04:21.112368,79.05500030517578
JCI260116P00050000,2025-04-10 14:00:54+00:00,50.0,1.15,0.6,1.95,0.0,0.0,6.0,33,0.5004932763671875,False,REGULAR,USD,JCI,0,2026-01-16,2025-04-23 13:04:21.112368,79.05500030517578
JCI260116P00052500,2025-04-14 16:10:28+00:00,52.5,1.8,1.2,2.3,0.0,0.0,1.0,18,0.48682153808593753,False,REGULAR,USD,JCI,0,2026-01-16,2025-04-23 13:04:21.112368,79.05500030517578
JCI260116P00055000,2025-04-10 16:49:11+00:00,55.0,2.35,1.5,2.6,0.0,0.0,20.0,52,0.46716841430664063,False,REGULAR,USD,JCI,0,2026-01-16,2025-04-23 13:04:21.112368,79.05500030517578
JCI260116P00057500,2025-04-10 14:01:35+00:00,57.5,2.3,1.9,2.95,0.0,0.0,2.0,36,0.4489801196289062,False,REGULAR,USD,JCI,0,2026-01-16,2025-04-23 13:04:21.112368,79.05500030517578
JCI260116P00060000,2025-04-10 19:55:06+00:00,60.0,3.4,2.35,3.6,0.0,0.0,14.0,15,0.4459283923339844,False,REGULAR,USD,JCI,0,2026-01-16,2025-04-23 13:04:21.112368,79.05500030517578
JCI260116P00062500,2025-04-10 18:35:28+00:00,62.5,3.8,2.9,4.8,0.0,0.0,31.0,20,0.46655806884765627,False,REGULAR,USD,JCI,0,2026-01-16,2025-04-23 13:04:21.112368,79.05500030517578
JCI260116P00065000,2025-04-21 15:36:23+00:00,65.0,5.1,3.4,4.8,0.0,0.0,12.0,55,0.42304043762207033,False,REGULAR,USD,JCI,0,2026-01-16,2025-04-23 13:04:21.112368,79.05500030517578
JCI260116P00067500,2025-04-10 18:27:28+00:00,67.5,5.2,4.1,5.1,0.0,0.0,5.0,49,0.39380489013671877,False,REGULAR,USD,JCI,0,2026-01-16,2025-04-23 13:04:21.112368,79.05500030517578
JCI260116P00070000,2025-04-21 16:21:33+00:00,70.0,4.66,4.9,5.8,-1.94,-29.39394,4.0,231,0.38068246276855466,False,REGULAR,USD,JCI,0,2026-01-16,2025-04-23 13:04:21.112368,79.05500030517578
JCI260116P00072500,2025-04-11 14:32:57+00:00,72.5,7.4,5.9,6.4,0.0,0.0,4.0,137,0.3606020971679687,False,REGULAR,USD,JCI,0,2026-01-16,2025-04-23 13:04:21.112368,79.05500030517578
JCI260116P00075000,2025-04-11 14:32:17+00:00,75.0,8.4,6.6,8.6,0.0,0.0,1.0,128,0.40027455200195317,False,REGULAR,USD,JCI,0,2026-01-16,2025-04-23 13:04:21.112368,79.05500030517578
JCI260116P00077500,2025-04-22 16:18:55+00:00,77.5,8.9,7.8,8.6,0.0,0.0,9.0,338,0.350470362548828,False,REGULAR,USD,JCI,0,2026-01-16,2025-04-23 13:04:21.112368,79.05500030517578
JCI260116P00080000,2025-04-15 17:40:00+00:00,80.0,8.7,8.7,10.1,0.0,0.0,8.0,896,0.35468174621582027,True,REGULAR,USD,JCI,0,2026-01-16,2025-04-23 13:04:21.112368,79.05500030517578
JCI260116P00082500,2025-04-14 13:59:47+00:00,82.5,9.85,10.1,11.7,0.0,0.0,3.0,20,0.35883209533691407,True,REGULAR,USD,JCI,0,2026-01-16,2025-04-23 13:04:21.112368,79.05500030517578
JCI260116P00085000,2025-04-17 18:26:45+00:00,85.0,12.8,11.4,12.8,0.0,0.0,1.0,16,0.34088793884277346,True,REGULAR,USD,JCI,0,2026-01-16,2025-04-23 13:04:21.112368,79.05500030517578
JCI260116P00087500,2025-04-10 19:07:08+00:00,87.5,14.3,12.5,14.6,0.0,0.0,1.0,51,0.3454655297851562,True,REGULAR,USD,JCI,0,2026-01-16,2025-04-23 13:04:21.112368,79.05500030517578
JCI260116P00090000,2025-04-04 19:44:58+00:00,90.0,18.8,13.1,16.4,0.0,0.0,53.0,138,0.3469303588867187,True,REGULAR,USD,JCI,0,2026-01-16,2025-04-23 13:04:21.112368,79.05500030517578
JCI260116P00092500,2025-02-18 15:33:18+00:00,92.5,8.5,11.2,14.9,0.0,0.0,1.0,8,0.20154607055664062,True,REGULAR,USD,JCI,0,2026-01-16,2025-04-23 13:04:21.112368,79.05500030517578
JCI260116P00095000,2025-02-24 16:21:19+00:00,95.0,12.32,13.6,15.4,0.0,0.0,6.0,2,1.0000000000000003e-05,True,REGULAR,USD,JCI,0,2026-01-16,2025-04-23 13:04:21.112368,79.05500030517578
JCI260116P00097500,2025-03-18 13:46:22+00:00,97.5,17.91,0.0,0.0,0.0,0.0,2.0,2,1.0000000000000003e-05,True,REGULAR,USD,JCI,0,2026-01-16,2025-04-23 13:04:21.112368,79.05500030517578
JCI260116P00100000,2025-03-11 19:42:57+00:00,100.0,23.25,20.7,24.6,0.0,0.0,7.0,7,0.36646141357421874,True,REGULAR,USD,JCI,0,2026-01-16,2025-04-23 13:04:21.112368,79.05500030517578
JCI260116P00105000,2024-12-16 05:06:06+00:00,105.0,28.2,0.0,0.0,0.0,0.0,,0,1.0000000000000003e-05,True,REGULAR,USD,JCI,0,2026-01-16,2025-04-23 13:04:21.112368,79.05500030517578
JCI260320C00040000,2025-02-20 18:53:57+00:00,40.0,49.66,41.0,46.0,0.0,0.0,,1,0.8198260205078124,True,REGULAR,USD,JCI,1,2026-03-20,2025-04-23 13:04:21.173527,79.05500030517578
JCI260320C00050000,2025-02-24 17:21:20+00:00,50.0,35.95,32.0,36.5,0.0,0.0,,2,0.6571079211425781,True,REGULAR,USD,JCI,1,2026-03-20,2025-04-23 13:04:21.173527,79.05500030517578
JCI260320C00060000,2025-04-21 19:49:05+00:00,60.0,24.2,21.2,24.7,4.800001,24.742275,8.0,14,0.4995167236328125,True,REGULAR,USD,JCI,1,2026-03-20,2025-04-23 13:04:21.173527,79.05500030517578
JCI260320C00065000,2025-04-17 16:45:23+00:00,65.0,18.6,18.8,21.4,0.0,0.0,4.0,15,0.4873708489990235,True,REGULAR,USD,JCI,1,2026-03-20,2025-04-23 13:04:21.173527,79.05500030517578
JCI260320C00067500,2025-04-23 15:09:45+00:00,67.5,18.5,16.3,19.8,0.10000038,0.54348034,1.0,2,0.4794363580322265,True,REGULAR,USD,JCI,1,2026-03-20,2025-04-23 13:04:21.173527,79.05500030517578
JCI260320C00070000,2025-03-03 16:17:01+00:00,70.0,19.7,0.0,0.0,0.0,0.0,,3,1.0000000000000003e-05,True,REGULAR,USD,JCI,1,2026-03-20,2025-04-23 13:04:21.173527,79.05500030517578
JCI260320C00075000,2025-03-14 14:35:30+00:00,75.0,12.53,0.0,0.0,0.0,0.0,2.0,2,1.0000000000000003e-05,True,REGULAR,USD,JCI,1,2026-03-20,2025-04-23 13:04:21.173527,79.05500030517578
JCI260320C00080000,2025-04-23 15:54:46+00:00,80.0,10.4,8.2,11.9,-0.22000027,-2.0715656,1.0,10,0.4112607702636719,False,REGULAR,USD,JCI,1,2026-03-20,2025-04-23 13:04:21.173527,79.05500030517578
JCI260320C00082500,2025-04-23 15:18:47+00:00,82.5,9.8,9.0,10.6,1.0,11.363636,4.0,4,0.400823862915039,False,REGULAR,USD,JCI,1,2026-03-20,2025-04-23 13:04:21.173527,79.05500030517578
JCI260320C00085000,2025-04-11 19:56:58+00:00,85.0,8.3,7.8,10.5,0.6600003,8.638747,1.0,73,0.42792320129394534,False,REGULAR,USD,JCI,1,2026-03-20,2025-04-23 13:04:21.173527,79.05500030517578
JCI260320C00087500,2025-04-03 16:34:33+00:00,87.5,7.0,6.8,8.2,0.0,0.0,1.0,5,0.37946177185058594,False,REGULAR,USD,JCI,1,2026-03-20,2025-04-23 13:04:21.173527,79.05500030517578
JCI260320C00090000,2025-04-14 15:35:59+00:00,90.0,5.6,4.2,8.5,0.0,0.0,11.0,96,0.41547215393066406,False,REGULAR,USD,JCI,1,2026-03-20,2025-04-23 13:04:21.173527,79.05500030517578
JCI260320C00092500,2025-04-09 14:17:12+00:00,92.5,3.03,3.4,8.0,0.0,0.0,1.0,357,0.4229183685302734,False,REGULAR,USD,JCI,1,2026-03-20,2025-04-23 13:04:21.173527,79.05500030517578
JCI260320C00095000,2025-04-16 14:52:38+00:00,95.0,4.4,2.55,7.0,0.0,0.0,14.0,542,0.41144387390136716,False,REGULAR,USD,JCI,1,2026-03-20,2025-04-23 13:04:21.173527,79.05500030517578
JCI260320C00097500,2025-04-15 19:45:09+00:00,97.5,3.5,1.85,6.5,0.0,0.0,28.0,696,0.4151669812011719,False,REGULAR,USD,JCI,1,2026-03-20,2025-04-23 13:04:21.173527,79.05500030517578
JCI260320C00100000,2025-04-15 14:13:47+00:00,100.0,3.2,1.2,6.0,0.0,0.0,10.0,800,0.41736422485351554,False,REGULAR,USD,JCI,1,2026-03-20,2025-04-23 13:04:21.173527,79.05500030517578
JCI260320C00105000,2025-04-15 16:37:52+00:00,105.0,2.25,0.2,5.0,0.0,0.0,4.0,732,0.41687594848632803,False,REGULAR,USD,JCI,1,2026-03-20,2025-04-23 13:04:21.173527,79.05500030517578
JCI260320C00110000,2025-04-15 14:16:23+00:00,110.0,1.55,0.85,4.4,0.0,0.0,44.0,45,0.4260921649169922,False,REGULAR,USD,JCI,1,2026-03-20,2025-04-23 13:04:21.173527,79.05500030517578
JCI260320C00130000,2025-03-04 14:36:50+00:00,130.0,1.75,0.0,0.0,0.0,0.0,,1,0.12500875,False,REGULAR,USD,JCI,1,2026-03-20,2025-04-23 13:04:21.173527,79.05500030517578
JCI260320P00047500,2025-04-04 16:37:55+00:00,47.5,1.8,0.0,3.4,0.0,0.0,20.0,20,0.5936319934082033,False,REGULAR,USD,JCI,0,2026-03-20,2025-04-23 13:04:21.175532,79.05500030517578
JCI260320P00060000,2025-03-31 18:10:13+00:00,60.0,2.37,2.8,4.9,0.0,0.0,2.0,12,0.46484910156250003,False,REGULAR,USD,JCI,0,2026-03-20,2025-04-23 13:04:21.175532,79.05500030517578
JCI260320P00065000,2025-03-03 15:21:19+00:00,65.0,2.55,0.0,0.0,0.0,0.0,,1,0.062509375,False,REGULAR,USD,JCI,0,2026-03-20,2025-04-23 13:04:21.175532,79.05500030517578
JCI260320P00067500,2025-04-07 19:08:33+00:00,67.5,7.54,4.7,6.7,0.0,0.0,1.0,9,0.4187680194091796,False,REGULAR,USD,JCI,0,2026-03-20,2025-04-23 13:04:21.175532,79.05500030517578
JCI260320P00075000,2025-02-24 19:38:02+00:00,75.0,5.0,5.2,5.8,0.0,0.0,,197,0.2620923400878906,False,REGULAR,USD,JCI,0,2026-03-20,2025-04-23 13:04:21.175532,79.05500030517578
JCI260320P00077500,2025-03-10 16:40:27+00:00,77.5,8.2,8.9,11.4,0.0,0.0,,40,0.411138701171875,False,REGULAR,USD,JCI,0,2026-03-20,2025-04-23 13:04:21.175532,79.05500030517578
JCI260320P00082500,2025-02-24 20:24:06+00:00,82.5,7.4,8.4,8.8,0.0,0.0,,55,0.22650919982910156,True,REGULAR,USD,JCI,0,2026-03-20,2025-04-23 13:04:21.175532,79.05500030517578
JCI260618C00075000,2025-04-08 18:35:36+00:00,75.0,10.3,12.0,17.0,0.0,0.0,,24,0.4549615051269531,True,REGULAR,USD,JCI,1,2026-06-18,2025-04-23 13:04:21.232744,79.05500030517578
JCI260618C00080000,2025-04-16 17:00:12+00:00,80.0,10.9,9.0,14.0,0.0,0.0,3.0,3,0.42774009765625004,False,REGULAR,USD,JCI,1,2026-06-18,2025-04-23 13:04:21.232744,79.05500030517578
JCI260618C00090000,2025-04-07 18:00:40+00:00,90.0,4.92,5.0,10.0,0.0,0.0,,10,0.41296973754882804,False,REGULAR,USD,JCI,1,2026-06-18,2025-04-23 13:04:21.232744,79.05500030517578
JCI260618C00095000,2025-04-16 14:32:01+00:00,95.0,5.5,3.5,8.5,0.0,0.0,27.0,73,0.41034525207519534,False,REGULAR,USD,JCI,1,2026-06-18,2025-04-23 13:04:21.232744,79.05500030517578
JCI260618C00100000,2025-04-16 14:20:40+00:00,100.0,4.2,2.0,7.0,0.0,0.0,18.0,20,0.40161731201171874,False,REGULAR,USD,JCI,1,2026-06-18,2025-04-23 13:04:21.232744,79.05500030517578
JCI260618C00105000,2025-04-16 14:53:37+00:00,105.0,3.4,1.2,5.9,0.0,0.0,22.0,300,0.3994811029052735,False,REGULAR,USD,JCI,1,2026-06-18,2025-04-23 13:04:21.232744,79.05500030517578
JCI260618C00110000,2025-04-14 14:58:28+00:00,110.0,1.85,0.0,4.9,0.0,0.0,60.0,92,0.39539178833007815,False,REGULAR,USD,JCI,1,2026-06-18,2025-04-23 13:04:21.232744,79.05500030517578
JCI260618P00060000,2025-04-07 15:19:15+00:00,60.0,5.8,2.55,6.0,0.0,0.0,,7,0.4578911633300782,False,REGULAR,USD,JCI,0,2026-06-18,2025-04-23 13:04:21.234769,79.05500030517578
JCI260618P00065000,2025-04-15 19:09:28+00:00,65.0,5.05,2.55,7.5,0.0,0.0,3.0,3,0.4381770050048829,False,REGULAR,USD,JCI,0,2026-06-18,2025-04-23 13:04:21.234769,79.05500030517578
JCI260618P00085000,2025-04-02 19:55:06+00:00,85.0,10.7,11.0,16.0,0.0,0.0,,17,0.3667055517578125,True,REGULAR,USD,JCI,0,2026-06-18,2025-04-23 13:04:21.234769,79.05500030517578
JCI270115C00037500,2025-04-07 13:44:37+00:00,37.5,30.87,40.5,45.5,0.0,0.0,1.0,0,0.608524422607422,True,REGULAR,USD,JCI,1,2027-01-15,2025-04-23 13:04:21.300423,79.05500030517578
JCI270115C00045000,2024-12-16 05:10:22+00:00,45.0,35.5,41.0,43.4,0.0,0.0,1.0,4,0.6803010485839844,True,REGULAR,USD,JCI,1,2027-01-15,2025-04-23 13:04:21.300423,79.05500030517578
JCI270115C00050000,2025-04-11 14:46:20+00:00,50.0,30.85,30.0,35.5,0.0,0.0,1.0,2,0.5266770965576173,True,REGULAR,USD,JCI,1,2027-01-15,2025-04-23 13:04:21.300423,79.05500030517578
JCI270115C00055000,2025-04-15 16:16:16+00:00,55.0,29.16,26.5,31.5,0.0,0.0,2.0,22,0.49060567993164067,True,REGULAR,USD,JCI,1,2027-01-15,2025-04-23 13:04:21.300423,79.05500030517578
JCI270115C00060000,2025-04-15 15:14:27+00:00,60.0,25.7,23.0,28.0,0.0,0.0,1.0,11,0.4694877270507813,True,REGULAR,USD,JCI,1,2027-01-15,2025-04-23 13:04:21.300423,79.05500030517578
JCI270115C00065000,2025-04-03 14:50:27+00:00,65.0,21.2,20.0,25.0,0.0,0.0,5.0,69,0.45898978515625005,True,REGULAR,USD,JCI,1,2027-01-15,2025-04-23 13:04:21.300423,79.05500030517578
JCI270115C00067500,2025-02-28 15:44:26+00:00,67.5,23.88,19.6,20.8,0.0,0.0,1.0,14,0.37543349182128904,True,REGULAR,USD,JCI,1,2027-01-15,2025-04-23 13:04:21.300423,79.05500030517578
JCI270115C00070000,2025-03-05 20:31:54+00:00,70.0,21.08,12.5,17.5,0.0,0.0,2.0,23,0.3206244696044921,True,REGULAR,USD,JCI,1,2027-01-15,2025-04-23 13:04:21.300423,79.05500030517578
JCI270115C00072500,2025-02-10 15:53:02+00:00,72.5,24.16,16.7,18.7,0.0,0.0,3.0,8,0.3859314337158203,True,REGULAR,USD,JCI,1,2027-01-15,2025-04-23 13:04:21.300423,79.05500030517578
JCI270115C00075000,2025-02-26 18:45:35+00:00,75.0,20.6,14.6,17.8,0.0,0.0,3.0,16,0.39197385375976557,True,REGULAR,USD,JCI,1,2027-01-15,2025-04-23 13:04:21.300423,79.05500030517578
JCI270115C00077500,2025-03-04 18:25:34+00:00,77.5,16.01,0.0,0.0,0.0,0.0,2.0,2,1.0000000000000003e-05,True,REGULAR,USD,JCI,1,2027-01-15,2025-04-23 13:04:21.300423,79.05500030517578
JCI270115C00080000,2025-03-18 16:16:16+00:00,80.0,15.11,10.5,15.5,0.0,0.0,5.0,115,0.386175571899414,False,REGULAR,USD,JCI,1,2027-01-15,2025-04-23 13:04:21.300423,79.05500030517578
JCI270115C00082500,2025-02-06 17:52:21+00:00,82.5,17.09,10.5,14.7,0.0,0.0,5.0,9,0.38977661010742193,False,REGULAR,USD,JCI,1,2027-01-15,2025-04-23 13:04:21.300423,79.05500030517578
JCI270115C00085000,2025-03-26 19:57:35+00:00,85.0,14.1,9.6,14.5,0.0,0.0,373.0,296,0.40656111022949215,False,REGULAR,USD,JCI,1,2027-01-15,2025-04-23 13:04:21.300423,79.05500030517578
JCI270115C00087500,2025-03-26 17:41:23+00:00,87.5,13.0,8.5,13.5,0.0,0.0,218.0,131,0.40253283020019537,False,REGULAR,USD,JCI,1,2027-01-15,2025-04-23 13:04:21.300423,79.05500030517578
JCI270115C00090000,2025-04-14 14:15:27+00:00,90.0,9.7,7.5,12.5,0.0,0.0,1.0,145,0.39740592834472654,False,REGULAR,USD,JCI,1,2027-01-15,2025-04-23 13:04:21.300423,79.05500030517578
JCI270115C00092500,2025-03-26 17:42:55+00:00,92.5,10.96,6.5,11.5,0.0,0.0,150.0,130,0.39111937011718745,False,REGULAR,USD,JCI,1,2027-01-15,2025-04-23 13:04:21.300423,79.05500030517578
JCI270115C00095000,2025-03-26 17:26:06+00:00,95.0,9.8,5.5,10.5,0.0,0.0,173.0,224,0.38373419006347653,False,REGULAR,USD,JCI,1,2027-01-15,2025-04-23 13:04:21.300423,79.05500030517578
JCI270115C00097500,2025-04-10 14:11:12+00:00,97.5,6.8,5.0,10.0,0.0,0.0,21.0,124,0.3874572973632812,False,REGULAR,USD,JCI,1,2027-01-15,2025-04-23 13:04:21.300423,79.05500030517578
JCI270115C00100000,2025-04-15 14:15:17+00:00,100.0,7.0,4.0,9.0,0.0,0.0,1.0,310,0.3778748736572265,False,REGULAR,USD,JCI,1,2027-01-15,2025-04-23 13:04:21.300423,79.05500030517578
JCI270115C00105000,2025-04-01 14:00:24+00:00,105.0,5.6,3.0,8.0,0.0,0.0,30.0,44,0.38049935913085936,False,REGULAR,USD,JCI,1,2027-01-15,2025-04-23 13:04:21.300423,79.05500030517578
JCI270115C00110000,2025-04-03 18:07:54+00:00,110.0,4.45,2.0,7.0,0.0,0.0,2.0,199,0.37970591003417964,False,REGULAR,USD,JCI,1,2027-01-15,2025-04-23 13:04:21.300423,79.05500030517578
JCI270115C00115000,2025-04-14 15:37:39+00:00,115.0,3.2,1.4,6.0,0.0,0.0,1.0,32,0.3756165954589844,False,REGULAR,USD,JCI,1,2027-01-15,2025-04-23 13:04:21.300423,79.05500030517578
JCI270115C00120000,2025-04-09 17:20:42+00:00,120.0,2.0,1.1,5.0,0.0,0.0,2.0,2,0.3679872772216797,False,REGULAR,USD,JCI,1,2027-01-15,2025-04-23 13:04:21.300423,79.05500030517578
JCI270115C00125000,2025-04-07 13:30:11+00:00,125.0,1.2,0.95,5.0,0.0,0.0,1.0,6,0.3870300555419921,False,REGULAR,USD,JCI,1,2027-01-15,2025-04-23 13:04:21.300423,79.05500030517578
JCI270115P00040000,2024-12-16 05:10:23+00:00,40.0,0.95,0.0,4.9,0.0,0.0,,3,0.6179847772216798,False,REGULAR,USD,JCI,0,2027-01-15,2025-04-23 13:04:21.302435,79.05500030517578
JCI270115P00047500,2025-04-08 15:08:10+00:00,47.5,2.9,1.2,4.6,0.0,0.0,1.0,12,0.48578395080566406,False,REGULAR,USD,JCI,0,2027-01-15,2025-04-23 13:04:21.302435,79.05500030517578
JCI270115P00050000,2025-04-10 17:44:27+00:00,50.0,3.6,1.2,5.0,0.0,0.0,1.0,5,0.46802289794921875,False,REGULAR,USD,JCI,0,2027-01-15,2025-04-23 13:04:21.302435,79.05500030517578
JCI270115P00055000,2025-03-31 16:36:36+00:00,55.0,3.7,1.2,6.0,0.0,0.0,1.0,5,0.43884838500976564,False,REGULAR,USD,JCI,0,2027-01-15,2025-04-23 13:04:21.302435,79.05500030517578
JCI270115P00060000,2025-04-15 19:10:21+00:00,60.0,4.57,2.6,7.5,0.0,0.0,4.0,10,0.4232235412597656,False,REGULAR,USD,JCI,0,2027-01-15,2025-04-23 13:04:21.302435,79.05500030517578
JCI270115P00070000,2025-04-22 16:18:55+00:00,70.0,9.0,6.0,10.5,0.0,0.0,9.0,10,0.3768983209228516,False,REGULAR,USD,JCI,0,2027-01-15,2025-04-23 13:04:21.302435,79.05500030517578
JCI270115P00075000,2025-04-08 17:42:21+00:00,75.0,13.09,7.5,12.5,0.0,0.0,2.0,1,0.36035795898437495,False,REGULAR,USD,JCI,0,2027-01-15,2025-04-23 13:04:21.302435,79.05500030517578
JCI270115P00077500,2025-02-05 15:17:50+00:00,77.5,6.69,7.5,12.5,0.0,0.0,1.0,2,0.3251715432739257,False,REGULAR,USD,JCI,0,2027-01-15,2025-04-23 13:04:21.302435,79.05500030517578
JCI270115P00080000,2025-02-11 15:09:28+00:00,80.0,6.8,8.5,13.5,0.0,0.0,,1,0.31409377319335935,True,REGULAR,USD,JCI,0,2027-01-15,2025-04-23 13:04:21.302435,79.05500030517578
JCI270115P00082500,2025-04-01 19:51:27+00:00,82.5,12.0,11.5,16.5,0.0,0.0,,5,0.35004312072753896,True,REGULAR,USD,JCI,0,2027-01-15,2025-04-23 13:04:21.302435,79.05500030517578
JCI270115P00085000,2025-04-21 16:58:07+00:00,85.0,17.5,12.5,17.5,0.0,0.0,2.0,11,0.33563896789550784,True,REGULAR,USD,JCI,0,2027-01-15,2025-04-23 13:04:21.302435,79.05500030517578
JCI270115P00087500,2025-04-02 19:24:10+00:00,87.5,14.2,14.0,19.0,0.0,0.0,,7,0.3319158605957031,True,REGULAR,USD,JCI,0,2027-01-15,2025-04-23 13:04:21.302435,79.05500030517578
JCI270115P00090000,2025-04-02 19:26:38+00:00,90.0,15.6,15.5,20.5,0.0,0.0,,3,0.3267889587402344,True,REGULAR,USD,JCI,0,2027-01-15,2025-04-23 13:04:21.302435,79.05500030517578
